{
 "cells": [
  {
   "cell_type": "code",
   "execution_count": 1,
   "metadata": {},
   "outputs": [
    {
     "name": "stderr",
     "output_type": "stream",
     "text": [
      "/opt/local/Library/Frameworks/Python.framework/Versions/3.5/lib/python3.5/importlib/_bootstrap.py:222: QAWarning: pyne.data is not yet QA compliant.\n",
      "  return f(*args, **kwds)\n",
      "/opt/local/Library/Frameworks/Python.framework/Versions/3.5/lib/python3.5/importlib/_bootstrap.py:222: QAWarning: pyne.material is not yet QA compliant.\n",
      "  return f(*args, **kwds)\n",
      "/opt/local/Library/Frameworks/Python.framework/Versions/3.5/lib/python3.5/importlib/_bootstrap.py:222: QAWarning: pyne.enrichment is not yet QA compliant.\n",
      "  return f(*args, **kwds)\n"
     ]
    }
   ],
   "source": [
    "import cymetric as cym\n",
    "import glob\n",
    "from cymetric import graphs\n",
    "import pandas\n"
   ]
  },
  {
   "cell_type": "code",
   "execution_count": 2,
   "metadata": {},
   "outputs": [],
   "source": [
    "import sys\n",
    "import argparse\n",
    "import matplotlib\n",
    "matplotlib.use('Agg')\n",
    "\n",
    "import matplotlib.pyplot as plt\n",
    "plt.rc('xtick', labelsize=1)\n",
    "plt.rc('ytick', labelsize=1)\n",
    "plt.rcParams.update({'font.size': 5})\n",
    "import matplotlib.cm as cm\n",
    "import matplotlib.patches as patches\n",
    "from matplotlib import colors, ticker\n",
    "import random\n",
    "\n",
    "from pyDOE import lhs\n",
    "import numpy as np\n",
    "import pandas as pd\n",
    "from scipy import stats, integrate\n",
    "import seaborn as sns\n",
    "%matplotlib inline"
   ]
  },
  {
   "cell_type": "code",
   "execution_count": null,
   "metadata": {},
   "outputs": [],
   "source": []
  },
  {
   "cell_type": "code",
   "execution_count": null,
   "metadata": {},
   "outputs": [],
   "source": []
  },
  {
   "cell_type": "code",
   "execution_count": 3,
   "metadata": {},
   "outputs": [],
   "source": [
    "from cymetric import timeseries as tm"
   ]
  },
  {
   "cell_type": "code",
   "execution_count": 4,
   "metadata": {},
   "outputs": [],
   "source": [
    "nuc_list_in = [\"238pu\", \"239pu\", \"240pu\", \"241pu\", \"242pu\", \"241am\"]\n",
    "\n",
    "def get_ev(file):\n",
    "    db = cym.dbopen(file)\n",
    "    ev = cym.Evaluator(db)\n",
    "    return ev\n",
    "\n",
    "def get_nuc_frac(ev, nuc):\n",
    "    df = tm.transactions(ev, senders=['lwr'], nucs=[nuc] )\n",
    "    df = df[df['Mass'] > 0 ]\n",
    "\n",
    "    tot = tm.transactions(ev, senders=['lwr'], nucs=nuc_list_in) \n",
    "    tot = tot[tot['Mass'] > 0 ]                \n",
    "\n",
    "    df['Mass'] = df['Mass']/tot['Mass']\n",
    "    return df.iloc[2]['Mass']\n",
    "\n",
    "def get_pu_frac_eoc(ev):\n",
    "    df = tm.transactions(ev, senders=['lwr'], nucs=nuc_list_in )\n",
    "    df = df[df['Mass'] > 0 ]\n",
    "\n",
    "    tot = tm.transactions(ev, senders=['lwr']) \n",
    "    tot = tot[tot['Mass'] > 0 ]                \n",
    "\n",
    "    df['Mass'] = df['Mass']/tot['Mass']\n",
    "    return df.iloc[2]['Mass']\n",
    "\n",
    "    \n",
    "    \n",
    "\n",
    "def eoc_pu_compo(ev):\n",
    "    compo = []\n",
    "    for nuc in nuc_list_in:\n",
    "        compo.append(get_nuc_frac(ev, nuc))\n",
    "    return compo\n",
    "\n",
    "def get_eoc_intel(ev):\n",
    "    tt = eoc_pu_compo(ev) +  [get_pu_frac_eoc(ev)]\n",
    "    return tt"
   ]
  },
  {
   "cell_type": "code",
   "execution_count": null,
   "metadata": {},
   "outputs": [],
   "source": []
  },
  {
   "cell_type": "code",
   "execution_count": null,
   "metadata": {},
   "outputs": [],
   "source": []
  },
  {
   "cell_type": "code",
   "execution_count": null,
   "metadata": {},
   "outputs": [],
   "source": []
  },
  {
   "cell_type": "code",
   "execution_count": 5,
   "metadata": {},
   "outputs": [],
   "source": [
    "def plot(df, filename,name_matrix):\n",
    "    g = sns.PairGrid(df)\n",
    "    g.map_diag(sns.kdeplot)\n",
    "    cmap = sns.cubehelix_palette(as_cmap=True, dark=0, light=1, reverse=True)\n",
    "    g.map_offdiag(sns.kdeplot, cmap=cmap, n_levels=60, shade=True);\n",
    "    g.savefig(filename)\n"
   ]
  },
  {
   "cell_type": "code",
   "execution_count": 6,
   "metadata": {},
   "outputs": [],
   "source": [
    "data =[]\n",
    "for file in glob.glob(\"*.h5\"):\n",
    "    ev = get_ev(file)\n",
    "    data.append(get_eoc_intel(ev))\n",
    "    #print(get_eoc_intel(ev))"
   ]
  },
  {
   "cell_type": "code",
   "execution_count": 7,
   "metadata": {},
   "outputs": [
    {
     "name": "stdout",
     "output_type": "stream",
     "text": [
      "[[0.06459656072667387, 0.3301254944474296, 0.2343382923945986, 0.16507783893908762, 0.1787604678083133, 0.027101345683897143, 0.065392614126281], [0.07026336859473259, 0.39944904457191155, 0.2569477530575679, 0.15081923123251936, 0.10891403492251035, 0.013606567620758257, 0.05975144910214169], [0.04356816513438928, 0.4220665215103052, 0.28308863665417294, 0.16154427317224418, 0.07410502028812271, 0.01562738324076567, 0.054262829711992644], [0.03907505325689843, 0.35500650296924924, 0.21791809522299327, 0.137544634040804, 0.24078342666815697, 0.009672287841898143, 0.0586832760383269], [0.051735993904842306, 0.40491772439433155, 0.24384215373880083, 0.12735658628041557, 0.1615073310131589, 0.010640210668450839, 0.06151943214153184], [0.06530674984051811, 0.3647641973319446, 0.20618601124130564, 0.1558213211316581, 0.1904575641998644, 0.017464156254709193, 0.05155898183708489], [0.06595693413220745, 0.3685915264067101, 0.19698796032710747, 0.14154364724748628, 0.2058984177954117, 0.021021514091077005, 0.054520748611429394], [0.054562905952326234, 0.41453579237727767, 0.21823110224036346, 0.12800313256403345, 0.1589708402774156, 0.0256962265885835, 0.055602830070081176], [0.03005466914301716, 0.41194592361007093, 0.22473187262887212, 0.12730319009868182, 0.1993156995679211, 0.006648644951436818, 0.051424483524348114], [0.025413753476938607, 0.4178100604858552, 0.32216773631403905, 0.15772092884310748, 0.061162147770276044, 0.01572537310978371, 0.06197633893563694], [0.06646122723057743, 0.3725410415109639, 0.21257234263330674, 0.11507773955664102, 0.21900142522341504, 0.014346223845095997, 0.06902949289846146], [0.03598847129130386, 0.45840783176317723, 0.24324954794893083, 0.14836171661237582, 0.1014737376689642, 0.012518694715248139, 0.042682391585379745], [0.015390942448864556, 0.3646085527622717, 0.27842314526263, 0.17012024700500014, 0.15491626935915612, 0.01654084316207736, 0.05660412512831133], [0.0643221114970383, 0.38630515149708256, 0.30454996365733106, 0.17558739198678253, 0.04597079870065634, 0.023264582661109125, 0.06512623184001383], [0.05697636731241219, 0.33054488565686735, 0.18786699434675222, 0.1527687771539694, 0.25033733398844255, 0.021505641541556476, 0.054681885773545394], [0.03944072262801961, 0.344746872429105, 0.27139450407778476, 0.16722647848934927, 0.14742985602304734, 0.029761566352694026, 0.06682380257917335], [0.09431847699796547, 0.3723563064282826, 0.2352137635545307, 0.16640633961695947, 0.10411981333902463, 0.027585300063237023, 0.05983066584929156], [0.03396732658993401, 0.3936787661431583, 0.22836590417639535, 0.1567922462052838, 0.16745513161272657, 0.019740625272501935, 0.047932454247342146], [0.08605172949843419, 0.4362728671649133, 0.23804032054337063, 0.15389298826492, 0.06333603506715045, 0.022406059461211495, 0.05062748524890583], [0.09086521473028995, 0.3267926916340955, 0.2662248330133769, 0.18901492580769957, 0.09153017002454704, 0.035572164789991034, 0.06993120614367954], [0.030158238487426898, 0.4061971127435711, 0.2694748914230789, 0.18639490036781214, 0.08581472167407982, 0.021960135304031132, 0.045829089192563094], [0.01741633286887537, 0.3748643054370518, 0.2259065087977627, 0.17403584333105218, 0.19470263268097152, 0.013074376884286514, 0.04160888025440492], [0.03841210502187186, 0.37229606447016683, 0.2736550634682633, 0.15873875004305948, 0.13078022314137547, 0.026117793855263086, 0.06379655774840322], [0.06347809510961676, 0.36825677094858755, 0.26000237421124345, 0.18612674035762267, 0.09213412006839782, 0.030001899304531694, 0.055381781030129265], [0.024204907170560227, 0.32187957636557896, 0.27081693161783665, 0.18854739499921727, 0.17119400025292306, 0.023357189593883988, 0.058348847908263106], [0.07751640969747241, 0.3432318284947658, 0.21256772443258592, 0.13280533457628727, 0.20413055001077418, 0.029748152788114372, 0.07385514855263178], [0.03190307129886155, 0.2710929573491583, 0.27542911117691904, 0.1682529304842814, 0.23373069709099642, 0.019591232599783237, 0.08167886299619596], [0.0358097245940397, 0.43993813343949395, 0.26610189941039203, 0.16174996997218322, 0.07563815501883249, 0.020762117565058597, 0.04751824396427978], [0.051834728222074314, 0.3289172427081782, 0.2870638197273002, 0.1758650297048038, 0.13638942729652018, 0.01992975234112324, 0.07019708194086777], [0.05023398005196063, 0.362158349553652, 0.28535746204450774, 0.18333406546333883, 0.09814569148033858, 0.02077045140620219, 0.05967189413734848], [0.03823248800217401, 0.36320133083353184, 0.27694864869786656, 0.13598381987209557, 0.1590402364233526, 0.026593476170979326, 0.0780633711033768], [0.05635097139231673, 0.4331466870136201, 0.27109171694569795, 0.16514826660018495, 0.052551112542822, 0.021711245505358363, 0.051210524026711834], [0.04214136616005475, 0.3658933287348, 0.21007149792766006, 0.1572778561053658, 0.21101039325518345, 0.013605557816936016, 0.04793564844992404], [0.03131265311852288, 0.40320154046701867, 0.2561059116822964, 0.16401143075398447, 0.13174933593211804, 0.01361912804605952, 0.04891322481511798], [0.055225082903524854, 0.44465620186767973, 0.28960736816425076, 0.1523719314759602, 0.04215197242759455, 0.015987443160989982, 0.0564616949587862], [0.08203512363388855, 0.3063880984406175, 0.20700571751713195, 0.16097412586122037, 0.2217388951484858, 0.021858039398655705, 0.0664670017008514], [0.04220385394232748, 0.4032294351489269, 0.28405921709575177, 0.18210287087760527, 0.06906108823598471, 0.019343534699403912, 0.05135315838083384], [0.0510600290310616, 0.41766061471546195, 0.24746789391174964, 0.13609197853554827, 0.12293406646998707, 0.024785417336191547, 0.05865740608940736], [0.059478026094863294, 0.34578815182949196, 0.2693162640125612, 0.14032355182543876, 0.1701934261347614, 0.014900580102883405, 0.07847688475507447], [0.029354678273889455, 0.3199387144682345, 0.25855560795411286, 0.16490268891663204, 0.2106990523387123, 0.016549258048418804, 0.06536629483021121], [0.07949340203631278, 0.34395653423163874, 0.19497353739006326, 0.15580084152569937, 0.1972631794728254, 0.02851250534346041, 0.057207608233902744], [0.06521906414267241, 0.37481960761744687, 0.22843095944734085, 0.14044817231992437, 0.18004900676273147, 0.011033189709884022, 0.06041226702398576], [0.048024527452459914, 0.31282615744469855, 0.24111968725399116, 0.15133634430480514, 0.23805265476189186, 0.008640628782153378, 0.027733805080034653], [0.038798593303747825, 0.39078927813827335, 0.2581100715994284, 0.15413487756369745, 0.13542399804837774, 0.02274318134647522, 0.05751126319149993], [0.07627805102261498, 0.39113145105279246, 0.20687561896886325, 0.1665754755651266, 0.12998741639273168, 0.02915198699787092, 0.04706933294957249], [0.04610145438869021, 0.3724766352466709, 0.24112136814157778, 0.17361796065059817, 0.14659211853704213, 0.02009046303542082, 0.050770781136888675], [0.05802645113951165, 0.34638498742728263, 0.2589551376915092, 0.1576893230538818, 0.16817250203543133, 0.010771598652383528, 0.02561664866176612], [0.07154381439272822, 0.4164195737416066, 0.2719229326485058, 0.16927960533815864, 0.05535579919671917, 0.015478274682281445, 0.05378213531945728], [0.05229828958820457, 0.3768415886031308, 0.2428751757953255, 0.14054149851182515, 0.16093749886548026, 0.02650594863603371, 0.06497259993417855], [0.08568894709200975, 0.2514299227429712, 0.25067633158146296, 0.1450160241923565, 0.22684445872490888, 0.040344315666290785, 0.11591664166199489], [0.07656525676428375, 0.3205128234527905, 0.2929220844280127, 0.13223114048199208, 0.15977350490595613, 0.0179951899669649, 0.10236432571320778], [0.04137907611694452, 0.39725037198114915, 0.2777289946740359, 0.17526603640572208, 0.09536385673499059, 0.013011664087157707, 0.0521205437775865], [0.07424424155917408, 0.31999444170529134, 0.24169493757501562, 0.12532080975577975, 0.21431772580913225, 0.024427843595606975, 0.09330803987978424], [0.0656710999407513, 0.40231200816849727, 0.2601971307402531, 0.1699705363072625, 0.06972700096005435, 0.03212222388318163, 0.05540613667290978], [0.08942819835581987, 0.4421111823398877, 0.24994261057387768, 0.12927831536163334, 0.061133778878709244, 0.028105914490072263, 0.06362715093352918], [0.02467279242739747, 0.356395702661011, 0.203140838142748, 0.1560594974329254, 0.24822118688774883, 0.011509982448169299, 0.045251456752068535], [0.08981722699394161, 0.42977543943152224, 0.239709325944745, 0.15734052582556193, 0.05533036139422426, 0.02802712041000489, 0.05227948883813294], [0.05796417188322552, 0.36570100567561153, 0.2837648206386097, 0.1447081735137409, 0.12499246002953004, 0.022869368259282277, 0.07742273171388785], [0.05993697155339933, 0.4256944911516864, 0.2298334848497068, 0.15666059572816357, 0.11653728441541351, 0.01133717230163035, 0.0446077880285176], [0.06223829186839595, 0.3666987087707046, 0.27192475617293005, 0.1716644751375162, 0.10098235492355141, 0.026491413126901734, 0.06343924161011222], [0.05532728423452158, 0.33463996073572166, 0.24584856438634495, 0.15050137331933292, 0.20377080492868005, 0.00991201239539818, 0.02596510286604649], [0.07205968215221516, 0.4026720227196495, 0.2134074888476108, 0.12560907069564314, 0.16526461429554845, 0.0209871212893329, 0.059443014416740665], [0.03688720960211267, 0.44023061856820955, 0.23210413724306192, 0.13731225893972068, 0.14229735943759317, 0.011168416209301934, 0.04635956062360945], [0.03631037746657871, 0.3845889228865585, 0.2508581920058164, 0.15445614945148556, 0.14914147700060124, 0.024644881188959605, 0.05687714449376514], [0.031066731165973437, 0.4056634427211144, 0.3199630348379244, 0.1537177575815795, 0.07930811133902615, 0.010280922354382127, 0.06517802662650463], [0.04366802649323481, 0.33809204866515513, 0.20622112517520208, 0.15911510322534778, 0.23292360140332408, 0.019980095037736016, 0.05351915690201191], [0.0726679911537365, 0.40861378352107297, 0.2148758039324483, 0.156539367649425, 0.13402712748820447, 0.013275926255112806, 0.0455886928043121], [0.06854105282982456, 0.40858805376705976, 0.3107324604763775, 0.15629683415958034, 0.03502806325811772, 0.0208135355090403, 0.07020494005351482], [0.09860939807271922, 0.29579184727604757, 0.26039194771253166, 0.17617332712116252, 0.12950675739072248, 0.03952672242681664, 0.08530566873525924], [0.009489090595022192, 0.4218424083754369, 0.3278644132821989, 0.16896360088497103, 0.05980582882199162, 0.012034658040379394, 0.055559443125936636], [0.04304043684015122, 0.3310737799463714, 0.27022757473472075, 0.16922970341466617, 0.1598121091350076, 0.026616395929082808, 0.06876450195060126], [0.08000322359836491, 0.2763341541840476, 0.25146665836348614, 0.13185992586655693, 0.228600006169564, 0.03173603181798038, 0.11284374879570666], [0.03853160356816578, 0.44571774905634304, 0.2531363563061232, 0.1429401187475023, 0.1010823829956875, 0.0185917893261782, 0.04972498763795167], [0.07168063388805353, 0.3538223475948387, 0.28737260754436794, 0.18143020883708427, 0.07420820040355543, 0.031486001732100095, 0.06861182547820091], [0.026845832367465586, 0.34980804488621137, 0.2565777872728519, 0.1334333715032769, 0.21850238261122482, 0.014832581358969496, 0.07120340367409518], [0.025217275544532052, 0.3490241644408484, 0.2763026322425645, 0.19198891935966575, 0.13349736925904304, 0.02396963915334616, 0.053842201633060964], [0.043217503049493476, 0.3439832240083027, 0.24813469815464712, 0.17644332906051532, 0.1570516758221135, 0.0311695699049278, 0.05834456856916673], [0.08724586986357388, 0.4042068887482271, 0.20929735271303884, 0.10725554772538538, 0.16811485719055458, 0.02387948375922026, 0.06979917772050345], [0.058673276185829015, 0.4500296145310648, 0.2595441235429125, 0.1601086125279528, 0.05957232784221575, 0.01207204537002506, 0.04652056701670366], [0.03262202225641033, 0.3413230442496073, 0.2590594225789685, 0.12951921431105012, 0.21895578611368757, 0.01852051049027597, 0.07826556334802702], [0.05391754198037523, 0.4066471166649308, 0.2125126105349419, 0.16784369998552498, 0.1336279838950015, 0.025451046939225667, 0.04233862745987095], [0.03101112701916183, 0.39595595455246174, 0.25213927947900955, 0.14356636597382041, 0.15454869877271868, 0.02277857420282782, 0.057907922715033124], [0.07866181338535545, 0.40714381740175504, 0.23672904915025117, 0.13745997773967258, 0.11455269196592398, 0.025452650357041723, 0.0618162140676136], [0.07244036406506532, 0.4431743139635238, 0.23616605851023104, 0.1308233597768227, 0.09737222090166725, 0.020023682782689883, 0.0551115653379247], [0.09757011782931707, 0.28277501100690233, 0.20903900979132556, 0.15070887186755047, 0.22255468706236248, 0.03735230244254219, 0.08823536278439846], [0.09106828584590702, 0.4125347131168246, 0.2076119694582145, 0.15232335994294177, 0.10870822221522675, 0.027753449420885302, 0.04926326077224458], [0.07015510063694012, 0.44601381602366824, 0.22918685532761027, 0.1586660823522287, 0.0814945168552771, 0.014483628804275731, 0.042405057155605885], [0.05181673988288683, 0.46171332736835713, 0.24079032512273552, 0.148135280838458, 0.08917926070567207, 0.008365066081890403, 0.042878672165234145], [0.0837934539760021, 0.30539565517846956, 0.22200696926226685, 0.1604364491582094, 0.2072279322114347, 0.02113954021361744, 0.07183882817891468], [0.0580771266858017, 0.36146588609310903, 0.2616561003830337, 0.11624271664283199, 0.18339362655136685, 0.019164543643856693, 0.08693923852943039], [0.033742041588332605, 0.36376000453712254, 0.23904714605542343, 0.15151813926624286, 0.1993721602488058, 0.012560508304072767, 0.05661282764612623], [0.06998346907444297, 0.4140951498144965, 0.2612745480374075, 0.16744289662259793, 0.06086620882974635, 0.02633772762130868, 0.05396967150880255], [0.022202791693502227, 0.3882864115095018, 0.2486840644997029, 0.14808562448226426, 0.1759242761529599, 0.016816831662068887, 0.05454836341250409], [0.04338420533823402, 0.32322562991498294, 0.28011368428031697, 0.14782435696169557, 0.1930006102438166, 0.012451513260953844, 0.07961144271796597], [0.06575440596516403, 0.33555136197890156, 0.24927585066970298, 0.16130801040282777, 0.1560806576784491, 0.03202971330495462, 0.0714102080155984], [0.02655802690112386, 0.3285952471460538, 0.2626638868486631, 0.14379953541146248, 0.21606360638861186, 0.02231969730408511, 0.07502154726145333], [0.03435853831043138, 0.3714353633941547, 0.22783156452062653, 0.16413154063380578, 0.18096621410404465, 0.021276779036936817, 0.04971530862430935], [0.024596552096685605, 0.42561568408509615, 0.25426266740096765, 0.17704402700994454, 0.10411403549625281, 0.01436703391105313, 0.04068212247583372], [0.08590612877172353, 0.42936388393806896, 0.22394412465459285, 0.150341415668622, 0.09230941590016631, 0.018135031066826332, 0.04891522580044964], [0.029975056531811792, 0.46672893806349297, 0.27416914253500857, 0.1517476175594502, 0.06740936310887773, 0.009969882201358846, 0.04590575802801024]]\n"
     ]
    }
   ],
   "source": [
    "print(data)\n",
    "\n",
    "df = pandas.DataFrame(data)"
   ]
  },
  {
   "cell_type": "code",
   "execution_count": 8,
   "metadata": {},
   "outputs": [
    {
     "data": {
      "text/html": [
       "<div>\n",
       "<style>\n",
       "    .dataframe thead tr:only-child th {\n",
       "        text-align: right;\n",
       "    }\n",
       "\n",
       "    .dataframe thead th {\n",
       "        text-align: left;\n",
       "    }\n",
       "\n",
       "    .dataframe tbody tr th {\n",
       "        vertical-align: top;\n",
       "    }\n",
       "</style>\n",
       "<table border=\"1\" class=\"dataframe\">\n",
       "  <thead>\n",
       "    <tr style=\"text-align: right;\">\n",
       "      <th></th>\n",
       "      <th>238pu</th>\n",
       "      <th>239pu</th>\n",
       "      <th>240pu</th>\n",
       "      <th>241pu</th>\n",
       "      <th>242pu</th>\n",
       "      <th>241am</th>\n",
       "      <th>Frac</th>\n",
       "    </tr>\n",
       "  </thead>\n",
       "  <tbody>\n",
       "    <tr>\n",
       "      <th>0</th>\n",
       "      <td>0.064597</td>\n",
       "      <td>0.330125</td>\n",
       "      <td>0.234338</td>\n",
       "      <td>0.165078</td>\n",
       "      <td>0.178760</td>\n",
       "      <td>0.027101</td>\n",
       "      <td>0.065393</td>\n",
       "    </tr>\n",
       "    <tr>\n",
       "      <th>1</th>\n",
       "      <td>0.070263</td>\n",
       "      <td>0.399449</td>\n",
       "      <td>0.256948</td>\n",
       "      <td>0.150819</td>\n",
       "      <td>0.108914</td>\n",
       "      <td>0.013607</td>\n",
       "      <td>0.059751</td>\n",
       "    </tr>\n",
       "    <tr>\n",
       "      <th>2</th>\n",
       "      <td>0.043568</td>\n",
       "      <td>0.422067</td>\n",
       "      <td>0.283089</td>\n",
       "      <td>0.161544</td>\n",
       "      <td>0.074105</td>\n",
       "      <td>0.015627</td>\n",
       "      <td>0.054263</td>\n",
       "    </tr>\n",
       "    <tr>\n",
       "      <th>3</th>\n",
       "      <td>0.039075</td>\n",
       "      <td>0.355007</td>\n",
       "      <td>0.217918</td>\n",
       "      <td>0.137545</td>\n",
       "      <td>0.240783</td>\n",
       "      <td>0.009672</td>\n",
       "      <td>0.058683</td>\n",
       "    </tr>\n",
       "    <tr>\n",
       "      <th>4</th>\n",
       "      <td>0.051736</td>\n",
       "      <td>0.404918</td>\n",
       "      <td>0.243842</td>\n",
       "      <td>0.127357</td>\n",
       "      <td>0.161507</td>\n",
       "      <td>0.010640</td>\n",
       "      <td>0.061519</td>\n",
       "    </tr>\n",
       "    <tr>\n",
       "      <th>5</th>\n",
       "      <td>0.065307</td>\n",
       "      <td>0.364764</td>\n",
       "      <td>0.206186</td>\n",
       "      <td>0.155821</td>\n",
       "      <td>0.190458</td>\n",
       "      <td>0.017464</td>\n",
       "      <td>0.051559</td>\n",
       "    </tr>\n",
       "    <tr>\n",
       "      <th>6</th>\n",
       "      <td>0.065957</td>\n",
       "      <td>0.368592</td>\n",
       "      <td>0.196988</td>\n",
       "      <td>0.141544</td>\n",
       "      <td>0.205898</td>\n",
       "      <td>0.021022</td>\n",
       "      <td>0.054521</td>\n",
       "    </tr>\n",
       "    <tr>\n",
       "      <th>7</th>\n",
       "      <td>0.054563</td>\n",
       "      <td>0.414536</td>\n",
       "      <td>0.218231</td>\n",
       "      <td>0.128003</td>\n",
       "      <td>0.158971</td>\n",
       "      <td>0.025696</td>\n",
       "      <td>0.055603</td>\n",
       "    </tr>\n",
       "    <tr>\n",
       "      <th>8</th>\n",
       "      <td>0.030055</td>\n",
       "      <td>0.411946</td>\n",
       "      <td>0.224732</td>\n",
       "      <td>0.127303</td>\n",
       "      <td>0.199316</td>\n",
       "      <td>0.006649</td>\n",
       "      <td>0.051424</td>\n",
       "    </tr>\n",
       "    <tr>\n",
       "      <th>9</th>\n",
       "      <td>0.025414</td>\n",
       "      <td>0.417810</td>\n",
       "      <td>0.322168</td>\n",
       "      <td>0.157721</td>\n",
       "      <td>0.061162</td>\n",
       "      <td>0.015725</td>\n",
       "      <td>0.061976</td>\n",
       "    </tr>\n",
       "    <tr>\n",
       "      <th>10</th>\n",
       "      <td>0.066461</td>\n",
       "      <td>0.372541</td>\n",
       "      <td>0.212572</td>\n",
       "      <td>0.115078</td>\n",
       "      <td>0.219001</td>\n",
       "      <td>0.014346</td>\n",
       "      <td>0.069029</td>\n",
       "    </tr>\n",
       "    <tr>\n",
       "      <th>11</th>\n",
       "      <td>0.035988</td>\n",
       "      <td>0.458408</td>\n",
       "      <td>0.243250</td>\n",
       "      <td>0.148362</td>\n",
       "      <td>0.101474</td>\n",
       "      <td>0.012519</td>\n",
       "      <td>0.042682</td>\n",
       "    </tr>\n",
       "    <tr>\n",
       "      <th>12</th>\n",
       "      <td>0.015391</td>\n",
       "      <td>0.364609</td>\n",
       "      <td>0.278423</td>\n",
       "      <td>0.170120</td>\n",
       "      <td>0.154916</td>\n",
       "      <td>0.016541</td>\n",
       "      <td>0.056604</td>\n",
       "    </tr>\n",
       "    <tr>\n",
       "      <th>13</th>\n",
       "      <td>0.064322</td>\n",
       "      <td>0.386305</td>\n",
       "      <td>0.304550</td>\n",
       "      <td>0.175587</td>\n",
       "      <td>0.045971</td>\n",
       "      <td>0.023265</td>\n",
       "      <td>0.065126</td>\n",
       "    </tr>\n",
       "    <tr>\n",
       "      <th>14</th>\n",
       "      <td>0.056976</td>\n",
       "      <td>0.330545</td>\n",
       "      <td>0.187867</td>\n",
       "      <td>0.152769</td>\n",
       "      <td>0.250337</td>\n",
       "      <td>0.021506</td>\n",
       "      <td>0.054682</td>\n",
       "    </tr>\n",
       "    <tr>\n",
       "      <th>15</th>\n",
       "      <td>0.039441</td>\n",
       "      <td>0.344747</td>\n",
       "      <td>0.271395</td>\n",
       "      <td>0.167226</td>\n",
       "      <td>0.147430</td>\n",
       "      <td>0.029762</td>\n",
       "      <td>0.066824</td>\n",
       "    </tr>\n",
       "    <tr>\n",
       "      <th>16</th>\n",
       "      <td>0.094318</td>\n",
       "      <td>0.372356</td>\n",
       "      <td>0.235214</td>\n",
       "      <td>0.166406</td>\n",
       "      <td>0.104120</td>\n",
       "      <td>0.027585</td>\n",
       "      <td>0.059831</td>\n",
       "    </tr>\n",
       "    <tr>\n",
       "      <th>17</th>\n",
       "      <td>0.033967</td>\n",
       "      <td>0.393679</td>\n",
       "      <td>0.228366</td>\n",
       "      <td>0.156792</td>\n",
       "      <td>0.167455</td>\n",
       "      <td>0.019741</td>\n",
       "      <td>0.047932</td>\n",
       "    </tr>\n",
       "    <tr>\n",
       "      <th>18</th>\n",
       "      <td>0.086052</td>\n",
       "      <td>0.436273</td>\n",
       "      <td>0.238040</td>\n",
       "      <td>0.153893</td>\n",
       "      <td>0.063336</td>\n",
       "      <td>0.022406</td>\n",
       "      <td>0.050627</td>\n",
       "    </tr>\n",
       "    <tr>\n",
       "      <th>19</th>\n",
       "      <td>0.090865</td>\n",
       "      <td>0.326793</td>\n",
       "      <td>0.266225</td>\n",
       "      <td>0.189015</td>\n",
       "      <td>0.091530</td>\n",
       "      <td>0.035572</td>\n",
       "      <td>0.069931</td>\n",
       "    </tr>\n",
       "    <tr>\n",
       "      <th>20</th>\n",
       "      <td>0.030158</td>\n",
       "      <td>0.406197</td>\n",
       "      <td>0.269475</td>\n",
       "      <td>0.186395</td>\n",
       "      <td>0.085815</td>\n",
       "      <td>0.021960</td>\n",
       "      <td>0.045829</td>\n",
       "    </tr>\n",
       "    <tr>\n",
       "      <th>21</th>\n",
       "      <td>0.017416</td>\n",
       "      <td>0.374864</td>\n",
       "      <td>0.225907</td>\n",
       "      <td>0.174036</td>\n",
       "      <td>0.194703</td>\n",
       "      <td>0.013074</td>\n",
       "      <td>0.041609</td>\n",
       "    </tr>\n",
       "    <tr>\n",
       "      <th>22</th>\n",
       "      <td>0.038412</td>\n",
       "      <td>0.372296</td>\n",
       "      <td>0.273655</td>\n",
       "      <td>0.158739</td>\n",
       "      <td>0.130780</td>\n",
       "      <td>0.026118</td>\n",
       "      <td>0.063797</td>\n",
       "    </tr>\n",
       "    <tr>\n",
       "      <th>23</th>\n",
       "      <td>0.063478</td>\n",
       "      <td>0.368257</td>\n",
       "      <td>0.260002</td>\n",
       "      <td>0.186127</td>\n",
       "      <td>0.092134</td>\n",
       "      <td>0.030002</td>\n",
       "      <td>0.055382</td>\n",
       "    </tr>\n",
       "    <tr>\n",
       "      <th>24</th>\n",
       "      <td>0.024205</td>\n",
       "      <td>0.321880</td>\n",
       "      <td>0.270817</td>\n",
       "      <td>0.188547</td>\n",
       "      <td>0.171194</td>\n",
       "      <td>0.023357</td>\n",
       "      <td>0.058349</td>\n",
       "    </tr>\n",
       "    <tr>\n",
       "      <th>25</th>\n",
       "      <td>0.077516</td>\n",
       "      <td>0.343232</td>\n",
       "      <td>0.212568</td>\n",
       "      <td>0.132805</td>\n",
       "      <td>0.204131</td>\n",
       "      <td>0.029748</td>\n",
       "      <td>0.073855</td>\n",
       "    </tr>\n",
       "    <tr>\n",
       "      <th>26</th>\n",
       "      <td>0.031903</td>\n",
       "      <td>0.271093</td>\n",
       "      <td>0.275429</td>\n",
       "      <td>0.168253</td>\n",
       "      <td>0.233731</td>\n",
       "      <td>0.019591</td>\n",
       "      <td>0.081679</td>\n",
       "    </tr>\n",
       "    <tr>\n",
       "      <th>27</th>\n",
       "      <td>0.035810</td>\n",
       "      <td>0.439938</td>\n",
       "      <td>0.266102</td>\n",
       "      <td>0.161750</td>\n",
       "      <td>0.075638</td>\n",
       "      <td>0.020762</td>\n",
       "      <td>0.047518</td>\n",
       "    </tr>\n",
       "    <tr>\n",
       "      <th>28</th>\n",
       "      <td>0.051835</td>\n",
       "      <td>0.328917</td>\n",
       "      <td>0.287064</td>\n",
       "      <td>0.175865</td>\n",
       "      <td>0.136389</td>\n",
       "      <td>0.019930</td>\n",
       "      <td>0.070197</td>\n",
       "    </tr>\n",
       "    <tr>\n",
       "      <th>29</th>\n",
       "      <td>0.050234</td>\n",
       "      <td>0.362158</td>\n",
       "      <td>0.285357</td>\n",
       "      <td>0.183334</td>\n",
       "      <td>0.098146</td>\n",
       "      <td>0.020770</td>\n",
       "      <td>0.059672</td>\n",
       "    </tr>\n",
       "    <tr>\n",
       "      <th>...</th>\n",
       "      <td>...</td>\n",
       "      <td>...</td>\n",
       "      <td>...</td>\n",
       "      <td>...</td>\n",
       "      <td>...</td>\n",
       "      <td>...</td>\n",
       "      <td>...</td>\n",
       "    </tr>\n",
       "    <tr>\n",
       "      <th>70</th>\n",
       "      <td>0.043040</td>\n",
       "      <td>0.331074</td>\n",
       "      <td>0.270228</td>\n",
       "      <td>0.169230</td>\n",
       "      <td>0.159812</td>\n",
       "      <td>0.026616</td>\n",
       "      <td>0.068765</td>\n",
       "    </tr>\n",
       "    <tr>\n",
       "      <th>71</th>\n",
       "      <td>0.080003</td>\n",
       "      <td>0.276334</td>\n",
       "      <td>0.251467</td>\n",
       "      <td>0.131860</td>\n",
       "      <td>0.228600</td>\n",
       "      <td>0.031736</td>\n",
       "      <td>0.112844</td>\n",
       "    </tr>\n",
       "    <tr>\n",
       "      <th>72</th>\n",
       "      <td>0.038532</td>\n",
       "      <td>0.445718</td>\n",
       "      <td>0.253136</td>\n",
       "      <td>0.142940</td>\n",
       "      <td>0.101082</td>\n",
       "      <td>0.018592</td>\n",
       "      <td>0.049725</td>\n",
       "    </tr>\n",
       "    <tr>\n",
       "      <th>73</th>\n",
       "      <td>0.071681</td>\n",
       "      <td>0.353822</td>\n",
       "      <td>0.287373</td>\n",
       "      <td>0.181430</td>\n",
       "      <td>0.074208</td>\n",
       "      <td>0.031486</td>\n",
       "      <td>0.068612</td>\n",
       "    </tr>\n",
       "    <tr>\n",
       "      <th>74</th>\n",
       "      <td>0.026846</td>\n",
       "      <td>0.349808</td>\n",
       "      <td>0.256578</td>\n",
       "      <td>0.133433</td>\n",
       "      <td>0.218502</td>\n",
       "      <td>0.014833</td>\n",
       "      <td>0.071203</td>\n",
       "    </tr>\n",
       "    <tr>\n",
       "      <th>75</th>\n",
       "      <td>0.025217</td>\n",
       "      <td>0.349024</td>\n",
       "      <td>0.276303</td>\n",
       "      <td>0.191989</td>\n",
       "      <td>0.133497</td>\n",
       "      <td>0.023970</td>\n",
       "      <td>0.053842</td>\n",
       "    </tr>\n",
       "    <tr>\n",
       "      <th>76</th>\n",
       "      <td>0.043218</td>\n",
       "      <td>0.343983</td>\n",
       "      <td>0.248135</td>\n",
       "      <td>0.176443</td>\n",
       "      <td>0.157052</td>\n",
       "      <td>0.031170</td>\n",
       "      <td>0.058345</td>\n",
       "    </tr>\n",
       "    <tr>\n",
       "      <th>77</th>\n",
       "      <td>0.087246</td>\n",
       "      <td>0.404207</td>\n",
       "      <td>0.209297</td>\n",
       "      <td>0.107256</td>\n",
       "      <td>0.168115</td>\n",
       "      <td>0.023879</td>\n",
       "      <td>0.069799</td>\n",
       "    </tr>\n",
       "    <tr>\n",
       "      <th>78</th>\n",
       "      <td>0.058673</td>\n",
       "      <td>0.450030</td>\n",
       "      <td>0.259544</td>\n",
       "      <td>0.160109</td>\n",
       "      <td>0.059572</td>\n",
       "      <td>0.012072</td>\n",
       "      <td>0.046521</td>\n",
       "    </tr>\n",
       "    <tr>\n",
       "      <th>79</th>\n",
       "      <td>0.032622</td>\n",
       "      <td>0.341323</td>\n",
       "      <td>0.259059</td>\n",
       "      <td>0.129519</td>\n",
       "      <td>0.218956</td>\n",
       "      <td>0.018521</td>\n",
       "      <td>0.078266</td>\n",
       "    </tr>\n",
       "    <tr>\n",
       "      <th>80</th>\n",
       "      <td>0.053918</td>\n",
       "      <td>0.406647</td>\n",
       "      <td>0.212513</td>\n",
       "      <td>0.167844</td>\n",
       "      <td>0.133628</td>\n",
       "      <td>0.025451</td>\n",
       "      <td>0.042339</td>\n",
       "    </tr>\n",
       "    <tr>\n",
       "      <th>81</th>\n",
       "      <td>0.031011</td>\n",
       "      <td>0.395956</td>\n",
       "      <td>0.252139</td>\n",
       "      <td>0.143566</td>\n",
       "      <td>0.154549</td>\n",
       "      <td>0.022779</td>\n",
       "      <td>0.057908</td>\n",
       "    </tr>\n",
       "    <tr>\n",
       "      <th>82</th>\n",
       "      <td>0.078662</td>\n",
       "      <td>0.407144</td>\n",
       "      <td>0.236729</td>\n",
       "      <td>0.137460</td>\n",
       "      <td>0.114553</td>\n",
       "      <td>0.025453</td>\n",
       "      <td>0.061816</td>\n",
       "    </tr>\n",
       "    <tr>\n",
       "      <th>83</th>\n",
       "      <td>0.072440</td>\n",
       "      <td>0.443174</td>\n",
       "      <td>0.236166</td>\n",
       "      <td>0.130823</td>\n",
       "      <td>0.097372</td>\n",
       "      <td>0.020024</td>\n",
       "      <td>0.055112</td>\n",
       "    </tr>\n",
       "    <tr>\n",
       "      <th>84</th>\n",
       "      <td>0.097570</td>\n",
       "      <td>0.282775</td>\n",
       "      <td>0.209039</td>\n",
       "      <td>0.150709</td>\n",
       "      <td>0.222555</td>\n",
       "      <td>0.037352</td>\n",
       "      <td>0.088235</td>\n",
       "    </tr>\n",
       "    <tr>\n",
       "      <th>85</th>\n",
       "      <td>0.091068</td>\n",
       "      <td>0.412535</td>\n",
       "      <td>0.207612</td>\n",
       "      <td>0.152323</td>\n",
       "      <td>0.108708</td>\n",
       "      <td>0.027753</td>\n",
       "      <td>0.049263</td>\n",
       "    </tr>\n",
       "    <tr>\n",
       "      <th>86</th>\n",
       "      <td>0.070155</td>\n",
       "      <td>0.446014</td>\n",
       "      <td>0.229187</td>\n",
       "      <td>0.158666</td>\n",
       "      <td>0.081495</td>\n",
       "      <td>0.014484</td>\n",
       "      <td>0.042405</td>\n",
       "    </tr>\n",
       "    <tr>\n",
       "      <th>87</th>\n",
       "      <td>0.051817</td>\n",
       "      <td>0.461713</td>\n",
       "      <td>0.240790</td>\n",
       "      <td>0.148135</td>\n",
       "      <td>0.089179</td>\n",
       "      <td>0.008365</td>\n",
       "      <td>0.042879</td>\n",
       "    </tr>\n",
       "    <tr>\n",
       "      <th>88</th>\n",
       "      <td>0.083793</td>\n",
       "      <td>0.305396</td>\n",
       "      <td>0.222007</td>\n",
       "      <td>0.160436</td>\n",
       "      <td>0.207228</td>\n",
       "      <td>0.021140</td>\n",
       "      <td>0.071839</td>\n",
       "    </tr>\n",
       "    <tr>\n",
       "      <th>89</th>\n",
       "      <td>0.058077</td>\n",
       "      <td>0.361466</td>\n",
       "      <td>0.261656</td>\n",
       "      <td>0.116243</td>\n",
       "      <td>0.183394</td>\n",
       "      <td>0.019165</td>\n",
       "      <td>0.086939</td>\n",
       "    </tr>\n",
       "    <tr>\n",
       "      <th>90</th>\n",
       "      <td>0.033742</td>\n",
       "      <td>0.363760</td>\n",
       "      <td>0.239047</td>\n",
       "      <td>0.151518</td>\n",
       "      <td>0.199372</td>\n",
       "      <td>0.012561</td>\n",
       "      <td>0.056613</td>\n",
       "    </tr>\n",
       "    <tr>\n",
       "      <th>91</th>\n",
       "      <td>0.069983</td>\n",
       "      <td>0.414095</td>\n",
       "      <td>0.261275</td>\n",
       "      <td>0.167443</td>\n",
       "      <td>0.060866</td>\n",
       "      <td>0.026338</td>\n",
       "      <td>0.053970</td>\n",
       "    </tr>\n",
       "    <tr>\n",
       "      <th>92</th>\n",
       "      <td>0.022203</td>\n",
       "      <td>0.388286</td>\n",
       "      <td>0.248684</td>\n",
       "      <td>0.148086</td>\n",
       "      <td>0.175924</td>\n",
       "      <td>0.016817</td>\n",
       "      <td>0.054548</td>\n",
       "    </tr>\n",
       "    <tr>\n",
       "      <th>93</th>\n",
       "      <td>0.043384</td>\n",
       "      <td>0.323226</td>\n",
       "      <td>0.280114</td>\n",
       "      <td>0.147824</td>\n",
       "      <td>0.193001</td>\n",
       "      <td>0.012452</td>\n",
       "      <td>0.079611</td>\n",
       "    </tr>\n",
       "    <tr>\n",
       "      <th>94</th>\n",
       "      <td>0.065754</td>\n",
       "      <td>0.335551</td>\n",
       "      <td>0.249276</td>\n",
       "      <td>0.161308</td>\n",
       "      <td>0.156081</td>\n",
       "      <td>0.032030</td>\n",
       "      <td>0.071410</td>\n",
       "    </tr>\n",
       "    <tr>\n",
       "      <th>95</th>\n",
       "      <td>0.026558</td>\n",
       "      <td>0.328595</td>\n",
       "      <td>0.262664</td>\n",
       "      <td>0.143800</td>\n",
       "      <td>0.216064</td>\n",
       "      <td>0.022320</td>\n",
       "      <td>0.075022</td>\n",
       "    </tr>\n",
       "    <tr>\n",
       "      <th>96</th>\n",
       "      <td>0.034359</td>\n",
       "      <td>0.371435</td>\n",
       "      <td>0.227832</td>\n",
       "      <td>0.164132</td>\n",
       "      <td>0.180966</td>\n",
       "      <td>0.021277</td>\n",
       "      <td>0.049715</td>\n",
       "    </tr>\n",
       "    <tr>\n",
       "      <th>97</th>\n",
       "      <td>0.024597</td>\n",
       "      <td>0.425616</td>\n",
       "      <td>0.254263</td>\n",
       "      <td>0.177044</td>\n",
       "      <td>0.104114</td>\n",
       "      <td>0.014367</td>\n",
       "      <td>0.040682</td>\n",
       "    </tr>\n",
       "    <tr>\n",
       "      <th>98</th>\n",
       "      <td>0.085906</td>\n",
       "      <td>0.429364</td>\n",
       "      <td>0.223944</td>\n",
       "      <td>0.150341</td>\n",
